@00020000
17 51 00 00 13 01 01 1B EF 00 C0 3B 00 00 00 00
00 00 00 00 00 00 00 00 00 00 00 00 00 00 00 00
00 00 00 00 00 00 00 00 00 00 00 00 00 00 00 00
00 00 00 00 00 00 00 00 00 00 00 00 00 00 00 00
00 00 00 00 00 00 00 00 00 00 00 00 00 00 00 00
00 00 00 00 00 00 00 00 00 00 00 00 00 00 00 00
00 00 00 00 00 00 00 00 00 00 00 00 00 00 00 00
00 00 00 00 00 00 00 00 00 00 00 00 00 00 00 00
00 00 00 00 00 00 00 00 00 00 00 00 00 00 00 00
00 00 00 00 00 00 00 00 00 00 00 00 00 00 00 00
00 00 00 00 00 00 00 00 00 00 00 00 00 00 00 00
00 00 00 00 00 00 00 00 00 00 00 00 00 00 00 00
00 00 00 00 00 00 00 00 00 00 00 00 00 00 00 00
00 00 00 00 00 00 00 00 00 00 00 00 00 00 00 00
00 00 00 00 00 00 00 00 00 00 00 00 00 00 00 00
00 00 00 00 00 00 00 00 00 00 00 00 00 00 00 00
13 01 41 F8 23 22 11 00 23 24 51 00 23 26 61 00
23 28 71 00 23 2A 81 00 23 2C 91 00 23 2E A1 00
23 20 B1 02 23 22 C1 02 23 24 D1 02 23 26 E1 02
23 28 F1 02 23 2A 01 03 23 2C 11 03 23 2E 21 03
23 20 31 05 23 22 41 05 23 24 51 05 23 26 61 05
23 28 71 05 23 2A 81 05 23 2C 91 05 23 2E A1 05
23 20 B1 07 23 22 C1 07 23 24 D1 07 23 26 E1 07
23 28 F1 07 97 42 00 00 83 A2 C2 34 23 2A 51 06
F3 22 00 30 23 2C 51 06 97 52 00 00 83 A2 C2 B0
23 A0 22 00 73 25 20 34 F3 25 10 34 63 5A 05 00
23 20 B1 00 17 41 00 00 03 21 41 31 6F 00 80 01
93 85 45 00 23 20 B1 00 17 41 00 00 03 21 01 30
6F 00 00 07 93 02 10 00 93 92 F2 01 13 83 72 00
63 1C 65 04 17 55 00 00 03 25 85 BC 97 45 00 00
83 A5 85 2E 13 07 F0 FF 03 A6 05 00 83 A6 45 00
23 20 E5 00 23 22 D5 00 23 20 C5 00 97 42 00 00
83 A2 82 2B 33 87 C2 00 33 33 C7 00 B3 83 66 00
23 A0 E5 00 23 A2 75 00 EF 00 D0 41 63 06 05 02
EF 00 D0 43 6F 00 40 02 EF 20 80 76 6F 00 C0 01
93 02 B0 00 63 16 55 00 EF 00 50 42 6F 00 C0 00
EF 20 00 74 6F 00 40 00 17 53 00 00 03 23 C3 A4
03 21 03 00 83 22 01 00 73 90 12 34 83 22 81 07
73 90 02 30 83 22 41 07 17 43 00 00 03 23 43 25
23 20 53 00 83 20 41 00 83 22 81 00 03 23 C1 00
83 23 01 01 03 24 41 01 83 24 81 01 03 25 C1 01
83 25 01 02 03 26 41 02 83 26 81 02 03 27 C1 02
83 27 01 03 03 28 41 03 83 28 81 03 03 29 C1 03
83 29 01 04 03 2A 41 04 83 2A 81 04 03 2B C1 04
83 2B 01 05 03 2C 41 05 83 2C 81 05 03 2D C1 05
83 2D 01 06 03 2E 41 06 83 2E 81 06 03 2F C1 06
83 2F 01 07 13 01 C1 07 73 00 20 30 00 00 00 00
13 01 01 FF 23 22 91 00 23 26 11 00 23 24 81 00
93 04 00 00 EF 00 40 07 93 C4 14 00 13 04 05 00
93 85 04 00 13 05 00 00 EF 00 40 07 93 05 04 00
13 05 10 00 EF 00 80 06 EF 00 80 04 6F F0 9F FD
37 48 00 10 93 07 88 4C B7 45 00 10 37 05 00 10
13 01 01 FF 93 87 47 05 13 08 88 4C 93 85 C5 44
13 07 40 00 93 06 00 00 13 06 00 08 13 05 05 2F
23 26 11 00 EF 00 40 5A EF 00 90 0E 6F 00 00 00
13 05 40 06 6F 00 D0 05 B7 07 00 40 03 A5 07 00
13 55 85 00 13 75 15 00 67 80 00 00 93 07 10 00
B3 97 A7 00 63 8C 05 00 B7 06 00 40 03 A7 06 00
B3 67 F7 00 23 A0 F6 00 67 80 00 00 37 07 00 40
83 26 07 00 93 C7 F7 FF B3 F7 D7 00 23 20 F7 00
67 80 00 00 13 01 01 FF 37 45 00 10 B7 57 00 10
23 26 11 00 13 07 85 4C 93 87 87 DA 63 70 F7 02
13 86 F7 FF 33 06 E6 40 13 76 C6 FF 13 06 46 00
13 05 85 4C 93 05 00 00 EF 30 D0 79 EF F0 5F F3
6F 00 00 00 37 47 00 10 13 07 C7 71 93 06 10 00
6F 00 80 00 73 00 00 00 83 27 07 00 E3 EC F6 FE
6F 00 00 00 13 01 01 FE 23 2A 91 00 B7 56 00 10
B7 54 00 10 37 57 00 10 B7 57 00 10 23 28 21 01
23 26 31 01 03 A9 46 C8 23 24 41 01 83 29 07 C9
03 AA C7 C8 83 A7 44 C9 23 2C 81 00 13 04 05 00
13 85 47 00 23 2E 11 00 EF 20 D0 2C 83 A7 44 C9
33 04 89 00 83 A5 44 C9 23 A2 87 00 63 76 24 03
03 24 81 01 83 20 C1 01 83 24 41 01 03 29 01 01
83 29 C1 00 13 05 0A 00 03 2A 81 00 93 85 45 00
13 01 01 02 6F 20 10 24 13 85 09 00 93 85 45 00
EF 20 50 23 B7 57 00 10 03 A7 87 C6 63 74 E4 00
23 A4 87 C6 83 20 C1 01 03 24 81 01 83 24 41 01
03 29 01 01 83 29 C1 00 03 2A 81 00 13 01 01 02
67 80 00 00 B7 57 00 10 83 A8 47 C8 93 88 18 00
23 A2 17 C9 63 86 08 12 B7 52 00 10 83 A7 82 C6
13 0E 00 00 63 EC F8 1C 37 55 00 10 83 27 05 C9
83 A7 07 00 63 80 07 1C 13 01 01 FF 23 26 81 00
B7 5E 00 10 37 4F 00 10 B7 5F 00 10 6F 00 80 0A
03 28 06 00 03 A7 87 02 23 AA 07 00 13 08 F8 FF
23 20 06 01 63 06 07 02 03 A8 C7 01 03 A6 07 02
03 23 47 00 23 24 C8 00 23 22 06 01 63 0E 73 0A
03 26 07 00 23 A4 07 02 13 06 F6 FF 23 20 C7 00
03 A7 C7 02 03 A8 0E C8 13 16 27 00 33 06 E6 00
13 16 26 00 B3 86 C6 00 63 74 E8 00 23 A0 EE C8
03 A8 46 00 03 A6 06 00 03 A4 4F C9 03 23 88 00
23 A4 07 01 83 23 05 C9 23 A6 67 00 23 22 B3 00
23 24 B8 00 23 AA D7 00 93 07 16 00 23 A0 F6 00
83 26 C4 02 83 A7 03 00 33 B7 E6 00 33 6E EE 00
63 84 07 0A 83 27 05 C9 93 06 CF 71 83 A7 C7 00
83 A7 C7 00 03 A7 47 00 93 85 47 00 93 83 87 01
63 E6 E8 0A 03 A6 47 01 03 A8 87 00 03 A7 C7 00
03 23 46 00 23 24 E8 00 23 22 07 01 E3 12 B3 F2
23 22 E6 00 6F F0 DF F1 23 22 C7 00 6F F0 5F F4
B7 57 00 10 03 A7 07 C9 03 27 07 00 63 06 07 00
73 70 04 30 6F 00 00 00 37 57 00 10 03 A6 07 C9
83 25 C7 C8 B7 56 00 10 23 A8 B7 C8 23 26 C7 C8
03 A7 06 C7 13 07 17 00 23 A8 E6 C6 03 A7 07 C9
03 27 07 00 63 1C 07 04 B7 52 00 10 93 07 F0 FF
23 A4 F2 C6 6F F0 9F E8 93 07 F0 FF 23 A4 F2 C6
B7 57 00 10 03 A5 47 C7 03 24 C1 00 33 35 A0 00
33 65 C5 01 13 01 01 01 67 80 00 00 23 A4 E2 C6
B7 57 00 10 03 A5 47 C7 03 24 C1 00 33 35 A0 00
33 65 C5 01 13 01 01 01 67 80 00 00 83 A7 07 C9
B7 52 00 10 83 A7 C7 00 83 A7 07 00 23 A4 F2 C6
6F F0 DF E2 93 07 F0 FF 23 A4 F2 C6 B7 57 00 10
03 A5 47 C7 33 35 A0 00 33 65 C5 01 67 80 00 00
13 01 01 FE 23 2C 81 00 37 54 00 10 83 27 44 C6
23 2E 11 00 93 87 F7 FF 23 22 F4 C6 83 27 44 C6
63 96 07 12 B7 57 00 10 83 A7 87 C8 63 80 07 12
37 48 00 10 13 08 C8 71 83 27 48 06 23 2A 91 00
23 28 21 01 23 26 31 01 B7 54 00 10 63 8C 07 14
37 53 00 10 37 5E 00 10 B7 54 00 10 93 0E 10 00
6F 00 00 0A 83 26 07 00 23 A4 07 02 93 86 F6 FF
23 20 D7 00 03 A6 47 01 83 A6 87 00 03 A7 C7 00
83 25 46 00 83 28 03 C8 23 A4 E6 00 23 22 D7 00
13 85 47 00 63 82 A5 0E 83 A6 C7 02 83 25 06 00
13 97 26 00 93 85 F5 FF 33 07 D7 00 13 17 27 00
23 20 B6 00 33 07 E8 00 63 F4 D8 00 23 20 D3 C8
83 25 47 00 03 2F 4E C9 03 26 07 00 83 A8 85 00
03 2F CF 02 23 A4 B7 00 23 A6 17 01 23 A2 A8 00
23 A4 A5 00 23 AA E7 00 93 07 16 00 23 20 F7 00
63 74 DF 00 23 AA D4 C7 83 27 48 06 63 82 07 08
83 27 08 07 83 A7 C7 00 03 A7 87 02 03 A6 C7 01
83 A6 07 02 03 25 47 00 93 85 87 01 23 24 D6 00
23 A2 C6 00 E3 10 B5 F4 23 22 D7 00 6F F0 9F F3
03 2A 81 00 23 AC 09 C6 83 A7 44 C7 63 96 07 0A
83 24 41 01 03 29 01 01 83 29 C1 00 13 05 00 00
37 47 00 10 83 27 07 4C 93 87 F7 FF 23 20 F7 4C
63 94 07 00 73 60 04 30 83 20 C1 01 03 24 81 01
13 01 01 02 67 80 00 00 23 22 E6 00 6F F0 DF F1
B7 57 00 10 03 A7 07 C9 03 27 07 00 63 0E 07 06
03 A7 07 C9 B7 57 00 10 03 27 C7 00 03 27 07 00
23 A4 E7 C6 B7 59 00 10 03 A9 89 C7 E3 06 09 F8
23 24 41 01 13 0A 10 00 6F 00 80 01 EF F0 9F C3
63 04 05 00 23 AA 44 C7 13 09 F9 FF E3 02 09 F6
83 27 44 C6 E3 84 07 FE 83 A7 89 C7 93 87 17 00
23 AC F9 C6 6F F0 5F FE B7 57 00 10 83 A7 47 C9
73 00 00 00 13 05 10 00 83 24 41 01 03 29 01 01
83 29 C1 00 6F F0 DF F4 B7 57 00 10 13 07 F0 FF
23 A4 E7 C6 6F F0 1F F9 63 84 07 04 13 01 01 FB
23 22 91 04 23 26 11 04 93 04 08 00 63 06 08 02
23 2E 31 03 93 89 07 00 93 07 40 05 23 2E F1 00
23 20 21 05 13 09 06 00 03 26 C1 01 63 0E F6 00
73 70 04 30 6F 00 00 00 73 70 04 30 6F 00 00 00
73 70 04 30 6F 00 00 00 83 27 C1 01 23 24 81 04
23 2C 41 03 13 84 05 00 13 0A 05 00 93 05 00 00
13 05 08 00 23 26 E1 00 23 24 D1 00 EF 30 90 21
23 A8 34 03 83 26 81 00 03 27 C1 00 63 06 04 02
93 05 04 00 13 05 04 01 13 86 44 03 83 C7 05 00
93 85 15 00 23 00 F6 00 63 86 07 00 13 06 16 00
E3 16 B5 FE A3 81 04 04 93 07 40 00 63 F6 E7 00
73 70 04 30 6F 00 00 00 23 2A 51 03 93 8A 44 00
23 A6 E4 02 23 A2 E4 04 13 85 0A 00 23 26 D1 00
23 24 E1 00 EF 20 C0 4C 13 85 84 01 EF 20 40 4C
03 27 81 00 83 26 C1 00 13 16 29 00 93 05 50 00
13 06 C6 FF 33 87 E5 40 33 86 C9 00 13 75 06 FF
23 A8 94 00 23 A2 94 02 13 86 06 00 93 05 0A 00
23 AC E4 00 EF 10 D0 65 23 A0 A4 00 73 70 04 30
B7 57 00 10 83 A6 87 C8 37 4A 00 10 03 27 0A 4C
93 86 16 00 23 A4 D7 C8 B7 59 00 10 83 A6 49 C9
13 06 17 00 23 20 CA 4C 63 80 06 0E 37 56 00 10
83 26 C6 C7 83 A7 C4 02 63 8A 06 0A 37 44 00 10
13 04 C4 71 37 55 00 10 83 26 C5 C6 B7 55 00 10
03 A8 05 C8 93 86 16 00 23 26 D5 C6 63 74 F8 00
23 A0 F5 C8 93 96 27 00 B3 87 F6 00 93 97 27 00
33 04 F4 00 83 26 44 00 83 27 04 00 23 20 EA 4C
83 A5 86 00 23 A4 D4 00 93 87 17 00 23 A6 B4 00
23 A2 55 01 23 A4 56 01 23 AA 84 00 23 20 F4 00
63 14 07 00 73 60 04 30 83 27 C6 C7 63 8C 07 00
03 A7 49 C9 83 A7 C4 02 03 27 C7 02 63 74 F7 00
73 00 00 00 03 24 81 04 83 20 C1 04 03 29 01 04
83 29 C1 03 03 2A 81 03 83 2A 41 03 13 85 04 00
83 24 41 04 13 01 01 05 67 80 00 00 83 A6 49 C9
37 44 00 10 83 A6 C6 02 63 E4 D7 00 23 AA 99 C8
13 04 C4 71 6F F0 1F F4 23 AA 99 C8 83 A6 87 C8
93 07 10 00 63 8C F6 00 37 44 00 10 83 A7 C4 02
13 04 C4 71 37 56 00 10 6F F0 DF F1 37 49 00 10
13 04 C9 71 23 26 71 03 23 28 61 03 13 09 C9 71
93 0B 44 06 13 05 09 00 13 09 49 01 EF 20 40 31
E3 9A 2B FF 13 0B 84 07 13 05 0B 00 EF 20 40 30
13 09 C4 08 13 05 09 00 EF 20 80 2F 13 85 0B 00
EF 20 00 2F 03 27 0A 4C B7 57 00 10 23 A8 67 C9
B7 57 00 10 23 A6 27 C9 03 2B 01 03 83 A7 C4 02
83 2B C1 02 13 07 F7 FF 37 56 00 10 6F F0 9F EA
63 16 05 00 73 00 00 00 67 80 00 00 13 01 01 FF
23 24 81 00 37 54 00 10 83 27 44 C6 23 26 11 00
93 87 17 00 23 22 F4 C6 03 27 44 C6 93 07 10 00
63 06 F7 00 73 70 04 30 6F 00 00 00 EF F0 9F 81
73 70 04 30 37 47 00 10 83 27 07 4C 83 26 44 C6
93 87 17 00 23 20 F7 4C 63 96 06 00 73 70 04 30
6F 00 00 00 EF F0 DF AB 63 14 05 00 73 00 00 00
83 20 C1 00 03 24 81 00 13 01 01 01 67 80 00 00
B7 47 00 10 13 01 01 FE 93 87 C7 71 B7 48 4C 45
37 05 00 10 13 88 07 0A 93 88 98 44 93 87 47 0F
13 07 00 00 93 06 00 00 13 06 00 08 93 05 01 00
13 05 45 40 23 2E 11 00 23 20 11 01 23 02 01 00
EF F0 9F C7 EF 10 40 73 93 07 10 00 63 0A F5 00
93 07 F0 FF 63 18 F5 02 73 70 04 30 6F 00 00 00
73 70 04 30 B7 57 00 10 13 07 F0 FF 23 A4 E7 C6
B7 57 00 10 23 AE A7 C6 B7 57 00 10 23 A2 07 C8
EF 10 90 36 83 20 C1 01 B7 47 00 10 83 A7 47 48
13 01 01 02 67 80 00 00 73 70 04 30 B7 57 00 10
23 AE 07 C6 6F 10 90 38 37 57 00 10 83 27 47 C6
93 87 17 00 23 22 F7 C6 67 80 00 00 73 70 04 30
37 47 00 10 83 27 07 4C B7 56 00 10 83 A6 46 C6
93 87 17 00 23 20 F7 4C 63 96 06 00 73 70 04 30
6F 00 00 00 6F F0 DF 9B B7 57 00 10 03 A5 47 C8
67 80 00 00 B7 57 00 10 03 A5 47 C8 67 80 00 00
B7 57 00 10 03 A5 87 C8 67 80 00 00 63 06 05 00
13 05 45 03 67 80 00 00 B7 57 00 10 03 A5 47 C9
E3 18 05 FE 73 70 04 30 6F 00 00 00 93 07 05 00
63 84 05 02 63 0E 06 00 63 04 05 02 03 A7 07 03
13 05 10 00 23 A0 E5 00 23 20 F6 00 67 80 00 00
73 70 04 30 6F 00 00 00 73 70 04 30 6F 00 00 00
B7 57 00 10 83 A7 47 C9 13 05 10 00 03 A7 07 03
23 A0 E5 00 23 20 F6 00 67 80 00 00 B7 57 00 10
03 A7 47 C6 63 06 07 00 73 70 04 30 6F 00 00 00
03 A7 47 C6 13 07 17 00 23 A2 E7 C6 73 70 04 30
37 56 00 10 83 26 86 C7 37 47 00 10 83 25 07 4C
B3 86 A6 00 23 2C D6 C6 63 94 05 00 73 60 04 30
73 70 04 30 83 26 07 4C 03 A6 47 C6 93 87 16 00
23 20 F7 4C 63 16 06 00 73 70 04 30 6F 00 00 00
6F F0 1F 8C B7 57 00 10 83 A7 47 C6 63 94 07 00
6F F0 4F EA 37 57 00 10 83 27 87 C7 13 05 00 00
93 87 17 00 23 2C F7 C6 67 80 00 00 B7 57 00 10
83 A7 47 C6 63 8A 07 00 B7 57 00 10 13 07 10 00
23 AA E7 C6 67 80 00 00 B7 57 00 10 23 AA 07 C6
B7 55 00 10 03 A7 05 C8 37 46 00 10 13 06 C6 71
93 16 27 00 B3 87 E6 00 93 97 27 00 B3 07 F6 00
03 A5 07 00 63 06 05 04 B3 87 E6 00 93 97 27 00
B3 06 F6 00 03 A5 46 00 93 87 87 00 33 06 F6 00
83 27 45 00 23 A2 F6 00 63 80 C7 04 83 A6 C7 00
B7 57 00 10 23 AA D7 C8 23 A0 E5 C8 83 A7 47 C9
67 80 00 00 83 A6 07 00 13 07 F7 FF 63 9A 06 00
93 87 C7 FE E3 18 07 FE 73 70 04 30 6F 00 00 00
93 16 27 00 6F F0 5F FA 83 A7 C6 00 23 A2 F6 00
6F F0 DF FB 63 0C 05 02 13 01 01 FF B7 57 00 10
23 24 81 00 13 84 05 00 83 A5 47 C9 23 26 11 00
93 85 85 01 EF 10 10 7B 13 05 04 00 03 24 81 00
83 20 C1 00 13 01 01 01 6F F0 CF CD 73 70 04 30
6F 00 00 00 93 07 05 00 63 08 05 06 37 57 00 10
03 27 47 C6 63 16 07 00 73 70 04 30 6F 00 00 00
83 26 45 00 37 57 00 10 03 2E 47 C9 03 23 47 C9
03 A8 86 00 83 28 47 C9 03 25 47 C9 23 2C BE 00
83 25 47 C9 23 2E D3 00 23 A0 08 03 13 05 85 01
83 28 47 C9 03 A7 07 00 93 85 85 01 23 22 A8 00
23 A4 B6 00 23 A4 F8 02 13 07 17 00 13 05 06 00
23 A0 E7 00 6F F0 0F C6 73 70 04 30 6F 00 00 00
93 07 05 00 13 85 05 00 63 8C 07 04 83 A6 47 00
37 57 00 10 03 2E 47 C9 83 A8 86 00 03 23 47 C9
03 28 47 C9 83 25 47 C9 23 2E DE 00 23 20 13 03
13 08 88 01 03 23 47 C9 03 A7 07 00 93 85 85 01
23 A2 08 01 23 A4 B6 00 23 24 F3 02 13 07 17 00
23 A0 E7 00 63 04 06 00 13 05 F0 FF 6F F0 8F BF
73 70 04 30 6F 00 00 00 83 27 C5 00 83 A7 C7 00
63 82 07 12 03 A7 87 02 03 A6 C7 01 83 A6 07 02
03 25 47 00 93 85 87 01 23 24 D6 00 23 A2 C6 00
63 0E B5 0E 83 26 07 00 37 56 00 10 03 26 46 C6
93 86 F6 FF 23 A4 07 02 23 20 D7 00 83 A6 C7 02
63 0E 06 04 37 47 00 10 13 07 C7 71 03 25 87 06
03 26 47 06 93 08 47 06 03 28 85 00 23 AE A7 00
13 06 16 00 23 A0 07 03 23 22 B8 00 23 24 B5 00
23 22 C7 06 23 A4 17 03 B7 57 00 10 83 A7 47 C9
13 05 00 00 83 A7 C7 02 63 F8 D7 00 B7 57 00 10
13 05 10 00 23 AA A7 C6 67 80 00 00 03 A7 47 01
83 A5 87 00 03 A6 C7 00 03 28 47 00 13 85 47 00
23 A4 C5 00 23 22 B6 00 63 0A A8 06 03 26 07 00
B7 55 00 10 03 A8 05 C8 13 06 F6 FF 23 20 C7 00
63 74 D8 00 23 A0 D5 C8 13 96 26 00 33 06 D6 00
37 47 00 10 13 16 26 00 13 07 C7 71 33 07 C7 00
83 25 47 00 03 26 07 00 03 A8 85 00 23 A4 B7 00
13 06 16 00 23 A6 07 01 23 22 A8 00 23 A4 A5 00
23 AA E7 00 23 20 C7 00 6F F0 1F F6 23 22 D7 00
6F F0 5F F0 73 70 04 30 6F 00 00 00 23 22 C7 00
6F F0 DF F8 B7 57 00 10 83 A7 47 C6 63 96 07 00
73 70 04 30 6F 00 00 00 83 27 C5 00 23 20 B5 00
63 88 07 0C 83 26 05 01 03 26 45 00 03 27 85 00
83 A5 46 00 23 24 E6 00 23 22 C7 00 63 82 A5 0C
03 A6 06 00 23 28 05 00 03 A7 47 01 03 A5 87 00
83 A5 C7 00 13 06 F6 FF 23 A0 C6 00 83 26 47 00
23 24 B5 00 23 A2 A5 00 13 85 47 00 63 86 A6 08
83 26 07 00 B7 55 00 10 03 A6 C7 02 03 A8 05 C8
93 86 F6 FF 23 20 D7 00 63 74 C8 00 23 A0 C5 C8
93 16 26 00 B3 86 C6 00 37 47 00 10 93 96 26 00
13 07 C7 71 33 07 D7 00 83 25 47 00 B7 56 00 10
83 A8 46 C9 03 A8 85 00 83 26 07 00 23 A4 B7 00
23 A6 07 01 23 22 A8 00 23 A4 A5 00 83 A5 C8 02
23 AA E7 00 93 87 16 00 23 20 F7 00 63 F8 C5 00
B7 57 00 10 13 07 10 00 23 AA E7 C6 67 80 00 00
73 70 04 30 6F 00 00 00 23 22 B7 00 6F F0 5F F7
23 A2 E6 00 6F F0 DF F3 63 0C 05 02 73 70 04 30
B7 57 00 10 03 A6 07 C7 37 47 00 10 B7 56 00 10
83 27 07 4C 83 A6 46 C8 23 20 C5 00 23 20 F7 4C
23 22 D5 00 63 94 07 00 73 60 04 30 67 80 00 00
73 70 04 30 6F 00 00 00 37 57 00 10 B7 57 00 10
03 27 07 C7 83 A7 47 C8 23 20 E5 00 23 22 F5 00
67 80 00 00 63 06 05 08 63 88 05 04 73 70 04 30
37 47 00 10 83 27 07 4C B7 58 00 10 37 53 00 10
03 A8 48 C8 03 2E 05 00 83 26 03 C7 13 86 17 00
23 20 C7 4C 03 26 45 00 63 04 DE 02 63 62 C8 02
23 A0 05 00 13 05 10 00 23 20 F7 4C 63 94 07 00
73 60 04 30 67 80 00 00 73 70 04 30 6F 00 00 00
83 A6 05 00 33 0E C8 40 E3 7C DE FC 03 23 03 C7
B3 86 06 41 03 A8 48 C8 B3 86 C6 00 23 A0 D5 00
23 20 65 00 23 22 05 01 13 05 00 00 6F F0 DF FB
73 70 04 30 6F 00 00 00 B7 57 00 10 13 07 10 00
23 AA E7 C6 67 80 00 00 B7 57 00 10 03 A5 47 C9
67 80 00 00 63 18 05 00 B7 57 00 10 03 A5 47 C9
67 80 00 00 13 05 00 00 67 80 00 00 B7 57 00 10
83 A7 C7 C7 13 05 10 00 63 8A 07 00 B7 57 00 10
03 A5 47 C6 13 35 15 00 13 15 15 00 67 80 00 00
63 08 05 0A 13 01 01 FE 23 2A 91 00 B7 54 00 10
83 A7 44 C9 03 27 C5 02 23 2C 81 00 83 A7 C7 02
23 2E 11 00 13 04 05 00 63 72 F7 06 03 A6 44 C9
93 17 27 00 23 28 21 01 83 25 C6 02 B3 87 E7 00
93 06 50 00 37 49 00 10 03 26 45 01 33 87 B6 40
93 97 27 00 13 09 C9 71 23 2C E5 00 B3 07 F9 00
63 0C F6 04 83 A7 44 C9 83 A7 C7 02 23 26 F5 02
83 20 C1 01 03 24 81 01 03 29 01 01 83 24 41 01
13 05 10 00 13 01 01 02 67 80 00 00 83 A7 44 C9
03 25 45 04 83 20 C1 01 83 A7 C7 02 03 24 81 01
83 24 41 01 33 35 F5 00 13 01 01 02 67 80 00 00
13 05 00 00 67 80 00 00 23 26 31 01 93 09 45 00
13 85 09 00 EF 10 10 2B 03 A7 44 C9 B7 57 00 10
83 A6 07 C8 03 27 C7 02 23 26 E4 02 63 F4 E6 00
23 A0 E7 C8 93 17 27 00 B3 87 E7 00 93 97 27 00
33 09 F9 00 03 27 49 00 83 27 09 00 83 26 87 00
23 24 E4 00 93 87 17 00 23 26 D4 00 23 A2 36 01
23 24 37 01 23 2A 24 01 83 29 C1 00 23 20 F9 00
6F F0 1F F5 63 02 05 06 B7 57 00 10 83 A7 47 C9
13 01 01 FF 23 24 81 00 23 26 11 00 13 04 05 00
63 86 A7 00 73 70 04 30 6F 00 00 00 83 A7 87 04
63 88 07 02 83 26 C5 02 03 27 45 04 93 87 F7 FF
23 24 F5 04 63 84 E6 00 63 84 07 02 13 05 00 00
83 20 C1 00 03 24 81 00 13 01 01 01 67 80 00 00
73 70 04 30 6F 00 00 00 13 05 00 00 67 80 00 00
23 22 91 00 93 04 45 00 13 85 04 00 EF 10 90 1D
83 27 44 04 B7 56 00 10 13 07 50 00 03 A6 06 C8
33 07 F7 40 23 26 F4 02 23 2C E4 00 63 74 F6 00
23 A0 F6 C8 13 97 27 00 33 07 F7 00 B7 47 00 10
13 17 27 00 93 87 C7 71 B3 87 E7 00 83 A6 47 00
03 A7 07 00 13 05 10 00 03 A6 86 00 23 24 D4 00
33 07 A7 00 23 26 C4 00 23 22 96 00 23 A4 96 00
23 2A F4 00 83 24 41 00 23 A0 E7 00 6F F0 5F F6
63 0E 05 0E 83 27 85 04 13 01 01 FF 23 24 81 00
23 26 11 00 13 04 05 00 63 96 07 00 73 70 04 30
6F 00 00 00 03 27 45 04 63 62 B7 02 83 26 C4 02
63 86 E6 00 13 06 10 00 63 8E C7 00 83 20 C1 00
03 24 81 00 13 01 01 01 67 80 00 00 13 87 05 00
6F F0 DF FD B7 57 00 10 83 A7 47 C9 63 82 87 0A
93 97 26 00 B3 86 D7 00 13 06 50 00 B7 47 00 10
83 25 44 01 33 06 E6 40 93 96 26 00 93 87 C7 71
23 26 E4 02 23 2C C4 00 33 87 D7 00 E3 98 E5 FA
23 22 91 00 93 04 44 00 13 85 04 00 EF 10 90 0C
37 57 00 10 83 26 C4 02 03 26 07 C8 B7 47 00 10
93 87 C7 71 63 74 D6 00 23 20 D7 C8 13 97 26 00
33 07 D7 00 13 17 27 00 B3 87 E7 00 83 A6 47 00
03 A7 07 00 03 A6 86 00 23 24 D4 00 13 07 17 00
23 26 C4 00 23 22 96 00 23 A4 96 00 23 2A F4 00
83 24 41 00 23 A0 E7 00 6F F0 5F F4 67 80 00 00
73 70 04 30 6F 00 00 00 B7 57 00 10 03 A6 47 C9
83 A6 47 C9 03 A7 47 C9 93 07 50 00 83 A6 C6 02
03 25 86 01 B3 87 D7 40 23 2C F7 00 67 80 00 00
B7 57 00 10 03 A5 47 C9 63 08 05 00 83 27 85 04
93 87 17 00 23 24 F5 04 67 80 00 00 63 06 05 00
73 70 04 30 6F 00 00 00 13 01 01 FE 23 28 21 01
37 59 00 10 83 27 49 C6 23 2C 81 00 23 2E 11 00
93 87 17 00 23 2A 91 00 23 26 31 01 23 24 41 01
13 84 05 00 23 22 F9 C6 73 70 04 30 B7 59 00 10
03 A7 49 C9 B7 44 00 10 83 A7 04 4C 03 27 C7 04
63 16 07 02 03 A7 49 C9 93 06 10 00 23 08 D7 04
63 0E 06 00 63 94 07 00 73 60 04 30 13 05 06 00
EF E0 5F C9 13 0A 10 00 6F 00 C0 00 63 84 07 02
13 0A 00 00 73 70 04 30 83 A7 04 4C 03 27 49 C6
93 87 17 00 23 A0 F4 4C 63 1A 07 00 73 70 04 30
6F 00 00 00 73 60 04 30 6F F0 9F FD EF E0 5F F2
63 1A 0A 04 73 70 04 30 03 A7 49 C9 83 A7 04 4C
03 25 C7 04 63 08 05 00 03 A7 49 C9 63 02 04 04
23 26 07 04 03 A7 49 C9 23 08 07 04 63 94 07 00
73 60 04 30 83 20 C1 01 03 24 81 01 83 24 41 01
03 29 01 01 83 29 C1 00 03 2A 81 00 13 01 01 02
67 80 00 00 E3 18 05 FA 73 00 00 00 6F F0 9F FA
93 06 F5 FF 23 26 D7 04 6F F0 DF FB 63 06 05 00
73 70 04 30 6F 00 00 00 13 01 01 FE 23 24 41 01
37 5A 00 10 83 27 4A C6 23 28 21 01 23 26 31 01
93 87 17 00 23 2E 11 00 23 2C 81 00 23 2A 91 00
23 22 51 01 93 09 06 00 13 89 06 00 23 22 FA C6
73 70 04 30 B7 54 00 10 83 A6 44 C9 37 44 00 10
93 07 20 00 03 C6 06 05 83 26 04 4C 63 00 F6 04
03 A6 44 C9 93 C5 F5 FF 13 05 10 00 83 27 C6 04
B3 F7 F5 00 23 26 F6 04 83 A7 44 C9 23 88 A7 04
63 0E 07 00 63 94 06 00 73 60 04 30 13 05 07 00
EF E0 5F B5 93 0A 10 00 6F 00 C0 00 63 84 06 02
93 0A 00 00 73 70 04 30 83 27 04 4C 03 27 4A C6
93 87 17 00 23 20 F4 4C 63 1A 07 00 73 70 04 30
6F 00 00 00 73 60 04 30 6F F0 9F FD EF E0 5F DE
63 90 0A 08 73 70 04 30 03 27 04 4C 63 08 09 00
83 A7 44 C9 83 A7 C7 04 23 20 F9 00 83 A6 44 C9
93 07 20 00 13 05 00 00 83 C6 06 05 63 9E F6 00
83 A6 44 C9 93 C7 F9 FF 13 05 10 00 03 A6 C6 04
B3 F7 C7 00 23 A6 F6 04 83 A7 44 C9 23 20 E4 4C
23 88 07 04 63 14 07 00 73 60 04 30 83 20 C1 01
03 24 81 01 83 24 41 01 03 29 01 01 83 29 C1 00
03 2A 81 00 83 2A 41 00 13 01 01 02 67 80 00 00
E3 12 05 F8 73 00 00 00 6F F0 DF F7 63 86 05 00
73 70 04 30 6F 00 00 00 63 0E 05 06 73 70 04 30
37 48 00 10 83 25 08 4C 93 87 15 00 23 20 F8 4C
63 06 07 00 83 27 C5 04 23 20 F7 00 03 47 05 05
93 07 20 00 23 08 F5 04 93 07 40 00 13 77 F7 0F
63 EE D7 0E B7 47 00 10 93 96 26 00 93 87 C7 45
B3 87 F6 00 83 A7 07 00 67 80 07 00 93 07 20 00
63 08 F7 0E 23 26 C5 04 93 07 10 00 63 00 F7 02
13 05 10 00 23 20 B8 4C 63 94 05 00 73 60 04 30
67 80 00 00 73 70 04 30 6F 00 00 00 83 27 45 01
83 26 85 00 03 27 C5 00 03 A6 47 00 93 08 45 00
23 A4 E6 00 23 22 D7 00 63 0A 16 0D 03 A7 07 00
37 56 00 10 83 26 C5 02 03 23 06 C8 13 07 F7 FF
23 A0 E7 00 63 74 D3 00 23 20 D6 C8 13 97 26 00
33 07 D7 00 B7 47 00 10 13 17 27 00 93 87 C7 71
B3 87 E7 00 03 A6 47 00 03 A7 07 00 03 2E 85 02
03 23 86 00 23 24 C5 00 13 07 17 00 23 26 65 00
23 22 13 01 23 24 16 01 23 2A F5 00 23 A0 E7 00
63 04 0E 04 73 70 04 30 6F 00 00 00 83 27 C5 04
93 87 17 00 23 26 F5 04 6F F0 1F F4 83 27 C5 04
B3 E7 C7 00 23 26 F5 04 6F F0 1F F3 B7 57 00 10
83 A7 47 C8 E3 82 07 F2 73 70 04 30 6F 00 00 00
13 05 00 00 6F F0 1F F2 B7 57 00 10 83 A7 47 C9
83 A7 C7 02 E3 F6 D7 F0 73 00 00 00 83 25 08 4C
13 05 10 00 93 85 F5 FF 6F F0 DF EF 23 A2 E7 00
6F F0 DF F2 63 04 05 06 63 90 05 04 63 06 07 00
83 25 C5 04 23 20 B7 00 83 45 05 05 13 07 20 00
23 08 E5 04 13 07 40 00 93 F5 F5 0F 63 6C D7 06
37 47 00 10 93 96 26 00 13 07 07 47 33 87 E6 00
03 27 07 00 67 00 07 00 73 70 04 30 6F 00 00 00
13 07 20 00 63 82 E5 06 23 26 C5 04 13 07 10 00
63 8A E5 00 13 05 10 00 67 80 00 00 73 70 04 30
6F 00 00 00 03 27 85 02 63 04 07 04 73 70 04 30
6F 00 00 00 03 27 C5 04 13 07 17 00 23 26 E5 04
6F F0 DF FC 03 27 C5 04 33 67 C7 00 23 26 E5 04
6F F0 DF FB 37 57 00 10 03 27 47 C8 E3 08 07 FA
73 70 04 30 6F 00 00 00 13 05 00 00 67 80 00 00
37 57 00 10 03 27 47 C6 83 26 C5 02 63 16 07 0A
03 27 45 01 83 25 85 00 03 26 C5 00 83 28 47 00
13 08 45 00 23 A4 C5 00 23 22 B6 00 63 84 08 0D
03 26 07 00 B7 55 00 10 83 A8 05 C8 13 06 F6 FF
23 20 C7 00 63 F4 D8 00 23 A0 D5 C8 13 96 26 00
33 06 D6 00 37 47 00 10 13 16 26 00 13 07 C7 71
33 07 C7 00 83 25 47 00 03 26 07 00 83 A8 85 00
23 24 B5 00 13 06 16 00 23 26 15 01 23 A2 08 01
23 A4 05 01 23 2A E5 00 23 20 C7 00 37 57 00 10
03 27 47 C9 03 27 C7 02 E3 76 D7 F0 63 86 07 00
13 07 10 00 23 A0 E7 00 B7 57 00 10 13 07 10 00
23 AA E7 C6 6F F0 1F EF 37 47 00 10 13 07 C7 71
83 25 87 06 03 26 47 06 13 08 85 01 83 A8 85 00
23 2E B5 00 13 06 16 00 23 20 15 03 23 A2 08 01
23 A4 05 01 93 08 47 06 23 22 C7 06 23 24 15 03
6F F0 DF F9 23 22 C7 00 6F F0 9F F3 63 0A 05 02
63 86 05 00 73 70 04 30 6F 00 00 00 93 07 20 00
83 46 05 05 23 08 F5 04 83 27 C5 04 13 07 10 00
B3 87 E7 00 23 26 F5 04 63 88 E6 00 67 80 00 00
73 70 04 30 6F 00 00 00 83 27 85 02 63 86 07 00
73 70 04 30 6F 00 00 00 B7 57 00 10 83 A7 47 C6
03 27 C5 02 63 96 07 0A 83 27 45 01 83 25 85 00
83 26 C5 00 83 A8 47 00 13 08 45 00 23 A4 D5 00
23 A2 B6 00 63 84 08 0D 83 A6 07 00 B7 55 00 10
83 A8 05 C8 93 86 F6 FF 23 A0 D7 00 63 F4 E8 00
23 A0 E5 C8 93 16 27 00 B3 86 E6 00 B7 47 00 10
93 96 26 00 93 87 C7 71 B3 87 D7 00 83 A5 47 00
83 A6 07 00 83 A8 85 00 23 24 B5 00 93 86 16 00
23 26 15 01 23 A2 08 01 23 A4 05 01 23 2A F5 00
23 A0 D7 00 B7 57 00 10 83 A7 47 C9 83 A7 C7 02
E3 F6 E7 F4 63 06 06 00 93 07 10 00 23 20 F6 00
B7 57 00 10 13 07 10 00 23 AA E7 C6 67 80 00 00
B7 47 00 10 93 87 C7 71 83 A5 87 06 83 A6 47 06
13 08 85 01 83 A8 85 00 23 2E B5 00 93 86 16 00
23 20 15 03 23 A2 08 01 23 A4 05 01 93 88 47 06
23 A2 D7 06 23 24 15 03 6F F0 DF F9 23 A2 D7 00
6F F0 9F F3 93 07 05 00 63 86 05 00 73 70 04 30
6F 00 00 00 63 0E 05 02 73 70 04 30 03 C6 07 05
37 47 00 10 93 06 20 00 03 27 07 4C 13 05 00 00
63 08 D6 00 63 14 07 00 73 60 04 30 67 80 00 00
23 88 07 04 13 05 10 00 E3 1A 07 FE 6F F0 DF FE
B7 57 00 10 83 A7 47 C9 73 70 04 30 03 C6 07 05
37 47 00 10 93 06 20 00 03 27 07 4C 13 05 00 00
E3 12 D6 FC 6F F0 DF FC 13 07 05 00 63 86 05 00
73 70 04 30 6F 00 00 00 63 08 05 02 73 70 04 30
03 25 C7 04 83 27 C7 04 B7 46 00 10 13 46 F6 FF
83 A6 06 4C B3 77 F6 00 23 26 F7 04 63 94 06 00
73 60 04 30 67 80 00 00 B7 57 00 10 03 A7 47 C9
6F F0 DF FC B7 47 00 10 93 87 C7 71 13 87 07 0A
23 20 E5 00 93 87 47 0F 23 A0 F5 00 93 07 00 08
23 20 F6 00 67 80 00 00 B7 47 00 10 93 87 C7 71
13 87 47 2F 23 20 E5 00 93 87 87 34 23 A0 F5 00
93 07 00 08 23 20 F6 00 67 80 00 00 B7 57 00 10
23 AA 07 C8 B7 57 00 10 23 A4 07 C8 B7 57 00 10
23 A2 07 C8 B7 57 00 10 23 A0 07 C8 B7 57 00 10
23 AE 07 C6 B7 57 00 10 23 AC 07 C6 B7 57 00 10
23 AA 07 C6 B7 57 00 10 23 A8 07 C6 B7 57 00 10
23 A4 07 C6 37 57 00 10 B7 57 00 10 23 26 07 C6
23 A2 07 C6 67 80 00 00 13 01 01 FE 23 2E 11 00
23 2C 81 00 23 2A 91 00 73 70 04 30 37 44 00 10
83 27 04 4C B7 54 00 10 03 A7 84 D8 93 86 17 00
23 20 D4 4C 63 02 07 02 23 20 F4 4C 63 94 07 00
73 60 04 30 83 20 C1 01 03 24 81 01 83 24 41 01
13 01 01 02 67 80 00 00 23 28 21 01 37 59 00 10
13 05 89 C9 13 09 89 C9 23 26 31 01 EF 00 50 6A
93 09 49 01 13 85 09 00 EF 00 90 69 B7 57 00 10
37 58 00 10 93 06 89 02 13 06 09 07 13 07 00 00
93 05 C0 00 13 05 A0 00 23 A6 37 D9 23 28 28 D9
EF 10 40 33 83 27 04 4C 03 29 01 01 83 29 C1 00
23 A4 A4 D8 93 87 F7 FF 6F F0 1F F8 13 01 01 FE
23 24 41 01 37 5A 00 10 83 27 0A D9 23 2C 81 00
23 22 51 01 83 A7 C7 00 23 2A 91 00 93 04 05 00
03 A4 C7 00 23 26 31 01 23 2E 11 00 93 0A 44 00
13 85 0A 00 93 89 05 00 EF 00 D0 6B 83 47 44 02
13 F7 47 00 63 1A 07 02 93 F7 E7 FF 23 02 F4 02
83 27 04 02 13 05 04 00 03 24 81 01 83 20 C1 01
83 24 41 01 83 29 C1 00 03 2A 81 00 83 2A 41 00
13 01 01 02 67 80 07 00 23 28 21 01 6F 00 40 01
63 66 F7 04 83 27 04 02 93 04 09 00 E7 80 07 00
83 27 84 01 23 28 84 00 13 05 04 00 33 89 F4 00
23 22 24 01 33 87 99 40 B3 36 99 00 E3 FA 29 FD
63 F4 99 00 E3 88 06 FC 03 25 0A D9 93 85 0A 00
EF 00 50 5E 03 29 01 01 6F F0 9F F8 B7 57 00 10
03 A5 C7 D8 93 85 0A 00 EF 00 D0 5C 03 29 01 01
6F F0 1F F7 13 01 01 FC 23 22 51 03 B7 4A 00 10
23 2C 81 02 23 2A 91 02 23 26 31 03 23 24 41 03
23 20 61 03 23 2E 11 02 23 28 21 03 23 2E 71 01
23 2C 81 01 93 8A 8A 48 B7 54 00 10 B7 59 00 10
37 5A 00 10 37 54 00 10 13 0B 90 00 83 A7 04 D9
83 AB 07 00 63 94 0B 1E EF E0 1F B8 EF E0 DF BB
83 A7 09 D8 13 09 05 00 63 62 F5 0A 83 27 CA D8
23 A0 A9 D8 03 A6 07 00 13 36 16 00 03 25 84 D8
B3 85 2B 41 EF 20 80 11 EF E0 5F B6 63 14 05 00
73 00 00 00 23 22 01 00 23 24 01 00 23 26 01 00
03 25 84 D8 13 06 00 00 93 05 41 00 EF 10 C0 71
E3 0E 05 F8 83 27 41 00 E3 C4 07 FE 03 29 C1 00
83 27 49 01 63 86 07 00 13 05 49 00 EF 00 90 54
EF E0 9F B4 83 A7 09 D8 93 0B 05 00 63 62 F5 06
83 27 41 00 23 A0 79 D9 E3 6C FB FA 93 97 27 00
B3 87 FA 00 83 A7 07 00 67 80 07 00 83 A7 C7 00
93 05 F0 FF 03 A5 07 00 EF F0 5F E1 83 A7 04 D9
03 A7 07 00 E3 14 07 FE 03 27 CA D8 23 A0 29 D9
23 26 FA D8 23 A8 E4 D8 EF E0 5F AC 6F F0 9F F6
83 A7 C7 00 93 05 F0 FF 03 A5 07 00 EF F0 1F DE
83 A7 04 D9 03 A7 07 00 E3 14 07 FE 03 27 CA D8
23 26 FA D8 23 A8 E4 D8 6F F0 9F F8 83 26 81 00
03 46 49 02 03 27 89 01 23 28 29 01 93 65 16 00
B3 87 E6 00 23 02 B9 02 23 22 F9 00 B3 B5 D7 00
63 EC FB 0E B3 86 DB 40 63 E2 E6 0A 93 76 46 00
63 94 06 04 13 76 E6 FF 23 02 C9 02 83 27 09 02
13 05 09 00 E7 80 07 00 6F F0 9F EF 83 47 49 02
93 F7 E7 FF 23 02 F9 02 6F F0 9F EE B3 87 FB 40
63 E8 E7 0C 83 27 09 02 13 05 09 00 E7 80 07 00
03 27 89 01 93 07 0C 00 33 8C E7 00 23 28 29 01
23 22 89 01 B3 36 FC 00 E3 FA 8B FD 63 F4 FB 00
E3 8A 06 FC 03 A5 04 D9 93 05 49 00 EF 00 90 3C
6F F0 DF F9 03 47 49 02 83 27 81 00 13 67 17 00
23 02 E9 02 23 2C F9 00 63 84 07 08 B3 87 77 01
23 22 F9 00 23 28 29 01 63 EC FB 04 03 25 CA D8
93 05 49 00 EF 00 10 39 6F F0 9F E6 83 A7 C7 00
83 AB 07 00 EF E0 5F 99 EF E0 1F 9D 83 A7 09 D8
13 09 05 00 E3 6C F5 EA 23 A0 A9 D8 13 06 00 00
E3 6E 75 E1 EF E0 9F 98 93 05 09 00 13 85 0B 00
EF F0 DF CA 6F F0 1F E2 63 F4 DB 00 E3 88 05 F0
03 A5 04 D9 93 05 49 00 EF 00 D0 33 6F F0 5F E1
03 25 CA D8 93 05 49 00 EF 00 D0 32 6F F0 1F F0
73 70 04 30 6F 00 00 00 13 01 01 FE 23 2E 11 00
EF F0 9F BB B7 57 00 10 83 A7 87 D8 63 80 07 06
13 06 C1 00 93 05 81 00 13 05 41 00 23 22 01 00
23 24 01 00 EF F0 5F B1 83 27 81 00 03 28 41 00
03 26 C1 00 B7 45 00 10 37 25 00 10 93 85 45 45
13 05 45 12 13 07 40 00 93 06 00 00 EF E0 CF CE
B7 57 00 10 23 A2 A7 D8 63 0A 05 00 83 20 C1 01
13 05 10 00 13 01 01 02 67 80 00 00 73 70 04 30
6F 00 00 00 13 01 01 FC 13 08 80 02 23 26 01 03
83 28 C1 02 23 2E 11 02 63 86 08 01 73 70 04 30
6F 00 00 00 03 28 C1 02 63 8C 07 00 13 08 20 00
23 82 07 03 63 9A 05 00 73 70 04 30 6F 00 00 00
73 70 04 30 6F 00 00 00 23 28 C1 00 23 2E F1 00
23 2C E1 00 23 2A D1 00 23 26 B1 00 23 24 A1 00
EF F0 9F AE 83 27 C1 01 03 25 81 00 83 25 C1 00
83 26 41 01 03 27 81 01 23 A0 A7 00 23 AC B7 00
23 AE D7 00 23 A0 E7 02 13 85 47 00 23 24 F1 00
EF 00 10 1E 03 26 01 01 83 27 81 00 63 08 06 00
03 C7 47 02 13 67 47 00 23 82 E7 02 83 20 C1 03
13 85 07 00 13 01 01 04 67 80 00 00 63 06 05 04
13 01 01 FD 23 24 81 02 37 54 00 10 83 27 84 D8
23 26 11 02 63 80 07 02 23 2A B1 00 23 2C C1 00
23 2E A1 00 93 07 50 00 63 D4 B7 02 73 70 04 30
6F 00 00 00 13 05 00 00 83 20 C1 02 03 24 81 02
13 01 01 03 67 80 00 00 73 70 04 30 6F 00 00 00
23 26 E1 00 EF E0 9F E4 93 06 20 00 83 27 84 D8
03 27 C1 00 63 04 D5 02 93 05 41 01 13 85 07 00
93 06 00 00 13 06 00 00 EF 00 90 6A 83 20 C1 02
03 24 81 02 13 01 01 03 67 80 00 00 13 06 07 00
13 85 07 00 93 06 00 00 93 05 41 01 EF 00 50 68
6F F0 9F F9 63 0E 05 02 B7 57 00 10 83 A7 87 D8
63 84 07 02 13 01 01 FE 23 2E 11 00 23 22 B1 00
23 24 C1 00 23 26 A1 00 13 07 50 00 63 4E B7 00
73 70 04 30 6F 00 00 00 13 05 00 00 67 80 00 00
73 70 04 30 6F 00 00 00 13 86 06 00 93 05 41 00
13 85 07 00 93 06 00 00 EF 10 80 0E 83 20 C1 01
13 01 01 02 67 80 00 00 B7 57 00 10 03 A5 47 D8
63 04 05 00 67 80 00 00 73 70 04 30 6F 00 00 00
63 06 05 00 03 25 85 01 67 80 00 00 73 70 04 30
6F 00 00 00 63 08 05 02 73 70 04 30 03 47 45 02
B7 47 00 10 83 A6 07 4C 93 77 B7 0F 63 84 05 00
93 67 47 00 23 02 F5 02 63 94 06 00 73 60 04 30
67 80 00 00 73 70 04 30 6F 00 00 00 63 04 05 02
73 70 04 30 B7 47 00 10 03 25 45 02 83 A7 07 4C
13 55 25 00 13 75 15 00 63 94 07 00 73 60 04 30
67 80 00 00 73 70 04 30 6F 00 00 00 63 04 05 02
73 70 04 30 B7 47 00 10 03 25 45 02 83 A7 07 4C
13 55 25 00 13 75 15 00 63 94 07 00 73 60 04 30
67 80 00 00 73 70 04 30 6F 00 00 00 63 06 05 00
03 25 45 00 67 80 00 00 73 70 04 30 6F 00 00 00
93 07 05 00 63 80 05 02 03 47 45 02 13 05 00 00
13 77 27 00 63 06 07 00 23 A0 F5 00 13 05 10 00
67 80 00 00 73 70 04 30 6F 00 00 00 63 06 05 00
03 25 05 00 67 80 00 00 73 70 04 30 6F 00 00 00
63 02 05 02 73 70 04 30 B7 47 00 10 03 45 45 02
83 A7 07 4C 13 75 15 00 63 94 07 00 73 60 04 30
67 80 00 00 73 70 04 30 6F 00 00 00 63 00 05 02
73 70 04 30 B7 47 00 10 83 A7 07 4C 03 25 C5 01
63 94 07 00 73 60 04 30 67 80 00 00 73 70 04 30
6F 00 00 00 63 00 05 02 73 70 04 30 B7 47 00 10
83 A7 07 4C 23 2E B5 00 63 94 07 00 73 60 04 30
67 80 00 00 73 70 04 30 6F 00 00 00 37 57 00 10
B7 57 00 10 23 24 07 D8 23 A2 07 D8 67 80 00 00
13 01 01 FF F3 27 40 F1 23 26 F1 00 03 25 C1 00
B7 07 00 06 93 87 17 00 33 05 F5 00 13 15 35 00
37 57 00 10 B7 07 00 30 23 2E A7 D8 93 87 47 00
B7 05 00 30 83 A6 07 00 03 A6 05 00 03 A7 07 00
E3 1A D7 FE B7 D6 01 00 93 86 06 4C B7 B7 03 00
B3 06 D6 00 93 87 07 98 B3 B5 C6 00 B3 07 F6 00
23 20 D5 00 B3 88 E5 00 33 B6 C7 00 23 22 15 01
33 06 E6 00 37 57 00 10 23 22 C7 DA 23 20 F7 DA
13 01 01 01 67 80 00 00 B7 57 00 10 93 87 07 1B
93 F7 F7 00 63 86 07 00 73 70 04 30 6F 00 00 00
13 01 01 FF 23 26 11 00 EF F0 9F F5 B7 17 00 00
93 87 07 88 73 A0 47 30 EF 00 80 07 83 20 C1 00
13 05 00 00 13 01 01 01 67 80 00 00 6F 00 00 00
F3 22 00 30 93 F2 72 FF 13 03 80 18 13 13 43 00
B3 E2 62 00 13 05 C5 FF 23 20 55 00 13 05 C5 FF
23 20 05 00 13 05 85 FA 23 20 C5 00 13 05 85 FE
97 22 00 00 83 A2 82 4E 23 20 55 00 93 02 00 00
63 8A 02 00 13 05 C5 FF 23 20 05 00 93 82 F2 FF
6F F0 1F FF 13 05 C5 FF 23 20 B5 00 67 80 00 00
17 21 00 00 03 21 41 3B 03 21 01 00 83 20 01 00
83 23 01 01 03 24 41 01 83 24 81 01 03 25 C1 01
83 25 01 02 03 26 41 02 83 26 81 02 03 27 C1 02
83 27 01 03 03 28 41 03 83 28 81 03 03 29 C1 03
83 29 01 04 03 2A 41 04 83 2A 81 04 03 2B C1 04
83 2B 01 05 03 2C 41 05 83 2C 81 05 03 2D C1 05
83 2D 01 06 03 2E 41 06 83 2E 81 06 03 2F C1 06
83 2F 01 07 83 22 41 07 17 23 00 00 03 23 43 B6
23 20 53 00 83 22 81 07 93 82 82 00 73 90 02 30
83 22 81 00 03 23 C1 00 13 01 C1 07 67 80 00 00
F3 22 20 34 73 23 10 34 F3 23 00 30 6F 00 00 00
F3 22 20 34 73 23 10 34 F3 23 00 30 6F 00 00 00
13 01 41 F8 23 22 11 00 23 24 51 00 23 26 61 00
23 28 71 00 23 2A 81 00 23 2C 91 00 23 2E A1 00
23 20 B1 02 23 22 C1 02 23 24 D1 02 23 26 E1 02
23 28 F1 02 23 2A 01 03 23 2C 11 03 23 2E 21 03
23 20 31 05 23 22 41 05 23 24 51 05 23 26 61 05
23 28 71 05 23 2A 81 05 23 2C 91 05 23 2E A1 05
23 20 B1 07 23 22 C1 07 23 24 D1 07 23 26 E1 07
23 28 F1 07 97 22 00 00 83 A2 C2 AA 23 2A 51 06
F3 22 00 30 23 2C 51 06 97 22 00 00 83 A2 C2 26
23 A0 22 00 73 25 20 34 F3 25 10 34 93 85 45 00
23 20 B1 00 17 21 00 00 03 21 41 A7 93 02 B0 00
63 16 55 0A EF E0 8F C0 17 23 00 00 03 23 C3 23
03 21 03 00 83 22 01 00 73 90 12 34 83 22 81 07
73 90 02 30 83 22 41 07 17 23 00 00 03 23 43 A4
23 20 53 00 83 20 41 00 83 22 81 00 03 23 C1 00
83 23 01 01 03 24 41 01 83 24 81 01 03 25 C1 01
83 25 01 02 03 26 41 02 83 26 81 02 03 27 C1 02
83 27 01 03 03 28 41 03 83 28 81 03 03 29 C1 03
83 29 01 04 03 2A 41 04 83 2A 81 04 03 2B C1 04
83 2B 01 05 03 2C 41 05 83 2C 81 05 03 2D C1 05
83 2D 01 06 03 2E 41 06 83 2E 81 06 03 2F C1 06
83 2F 01 07 13 01 C1 07 73 00 20 30 EF F0 5F E8
17 23 00 00 03 23 43 19 03 21 03 00 83 22 01 00
73 90 12 34 83 22 81 07 73 90 02 30 83 22 41 07
17 23 00 00 03 23 C3 99 23 20 53 00 83 20 41 00
83 22 81 00 03 23 C1 00 83 23 01 01 03 24 41 01
83 24 81 01 03 25 C1 01 83 25 01 02 03 26 41 02
83 26 81 02 03 27 C1 02 83 27 01 03 03 28 41 03
83 28 81 03 03 29 C1 03 83 29 01 04 03 2A 41 04
83 2A 81 04 03 2B C1 04 83 2B 01 05 03 2C 41 05
83 2C 81 05 03 2D C1 05 83 2D 01 06 03 2E 41 06
83 2E 81 06 03 2F C1 06 83 2F 01 07 13 01 C1 07
73 00 20 30 13 01 41 F8 23 22 11 00 23 24 51 00
23 26 61 00 23 28 71 00 23 2A 81 00 23 2C 91 00
23 2E A1 00 23 20 B1 02 23 22 C1 02 23 24 D1 02
23 26 E1 02 23 28 F1 02 23 2A 01 03 23 2C 11 03
23 2E 21 03 23 20 31 05 23 22 41 05 23 24 51 05
23 26 61 05 23 28 71 05 23 2A 81 05 23 2C 91 05
23 2E A1 05 23 20 B1 07 23 22 C1 07 23 24 D1 07
23 26 E1 07 23 28 F1 07 97 22 00 00 83 A2 82 8A
23 2A 51 06 F3 22 00 30 23 2C 51 06 97 22 00 00
83 A2 82 06 23 A0 22 00 73 25 20 34 F3 25 10 34
23 20 B1 00 17 21 00 00 03 21 41 87 EF F0 5F D4
17 23 00 00 03 23 43 04 03 21 03 00 83 22 01 00
73 90 12 34 83 22 81 07 73 90 02 30 83 22 41 07
17 23 00 00 03 23 C3 84 23 20 53 00 83 20 41 00
83 22 81 00 03 23 C1 00 83 23 01 01 03 24 41 01
83 24 81 01 03 25 C1 01 83 25 01 02 03 26 41 02
83 26 81 02 03 27 C1 02 83 27 01 03 03 28 41 03
83 28 81 03 03 29 C1 03 83 29 01 04 03 2A 41 04
83 2A 81 04 03 2B C1 04 83 2B 01 05 03 2C 41 05
83 2C 81 05 03 2D C1 05 83 2D 01 06 03 2E 41 06
83 2E 81 06 03 2F C1 06 83 2F 01 07 13 01 C1 07
73 00 20 30 13 01 41 F8 23 22 11 00 23 24 51 00
23 26 61 00 23 28 71 00 23 2A 81 00 23 2C 91 00
23 2E A1 00 23 20 B1 02 23 22 C1 02 23 24 D1 02
23 26 E1 02 23 28 F1 02 23 2A 01 03 23 2C 11 03
23 2E 21 03 23 20 31 05 23 22 41 05 23 24 51 05
23 26 61 05 23 28 71 05 23 2A 81 05 23 2C 91 05
23 2E A1 05 23 20 B1 07 23 22 C1 07 23 24 D1 07
23 26 E1 07 23 28 F1 07 97 12 00 00 83 A2 82 75
23 2A 51 06 F3 22 00 30 23 2C 51 06 97 22 00 00
83 A2 82 F1 23 A0 22 00 73 25 20 34 F3 25 10 34
23 20 B1 00 17 11 00 00 03 21 41 72 17 25 00 00
03 25 05 00 97 15 00 00 83 A5 05 72 13 07 F0 FF
03 A6 05 00 83 A6 45 00 23 20 E5 00 23 22 D5 00
23 20 C5 00 97 12 00 00 83 A2 02 6F 33 87 C2 00
33 33 C7 00 B3 83 66 00 23 A0 E5 00 23 A2 75 00
EF E0 4F 85 63 04 05 00 EF E0 4F 87 17 23 00 00
03 23 83 EA 03 21 03 00 83 22 01 00 73 90 12 34
83 22 81 07 73 90 02 30 83 22 41 07 17 13 00 00
03 23 03 6B 23 20 53 00 83 20 41 00 83 22 81 00
03 23 C1 00 83 23 01 01 03 24 41 01 83 24 81 01
03 25 C1 01 83 25 01 02 03 26 41 02 83 26 81 02
03 27 C1 02 83 27 01 03 03 28 41 03 83 28 81 03
03 29 C1 03 83 29 01 04 03 2A 41 04 83 2A 81 04
03 2B C1 04 83 2B 01 05 03 2C 41 05 83 2C 81 05
03 2D C1 05 83 2D 01 06 03 2E 41 06 83 2E 81 06
03 2F C1 06 83 2F 01 07 13 01 C1 07 73 00 20 30
93 07 85 00 13 07 F0 FF 23 20 05 00 23 24 E5 00
23 22 F5 00 23 26 F5 00 23 28 F5 00 67 80 00 00
23 28 05 00 67 80 00 00 03 27 45 00 83 27 05 00
83 26 87 00 23 A2 E5 00 93 87 17 00 23 A4 D5 00
23 A2 B6 00 23 24 B7 00 23 A8 A5 00 23 20 F5 00
67 80 00 00 03 A6 05 00 13 07 F0 FF 93 07 85 00
63 0C E6 02 93 86 07 00 83 A7 47 00 03 A7 07 00
E3 7A E6 FE 23 A2 F5 00 23 A4 B7 00 83 27 05 00
23 A4 D5 00 23 A2 B6 00 23 A8 A5 00 93 87 17 00
23 20 F5 00 67 80 00 00 83 26 05 01 83 A7 46 00
6F F0 5F FD 03 27 05 01 83 26 45 00 83 27 85 00
03 26 47 00 23 A4 F6 00 23 A2 D7 00 63 0C A6 00
83 27 07 00 23 28 05 00 13 85 F7 FF 23 20 A7 00
67 80 00 00 23 22 F7 00 83 27 07 00 23 28 05 00
13 85 F7 FF 23 20 A7 00 67 80 00 00 13 01 01 FF
83 27 05 04 23 22 91 00 83 24 85 03 23 24 81 00
23 26 11 00 13 04 05 00 63 96 07 02 83 27 05 00
93 84 14 00 13 05 00 00 63 8C 07 0C 23 2C 94 02
83 20 C1 00 03 24 81 00 83 24 41 00 13 01 01 01
67 80 00 00 23 20 21 01 13 09 06 00 63 1A 06 04
03 25 45 00 13 86 07 00 93 84 14 00 EF 10 40 39
83 27 44 00 83 26 04 04 03 27 84 00 B3 87 D7 00
23 22 F4 00 63 E6 E7 00 83 27 04 00 23 22 F4 00
03 29 01 00 83 20 C1 00 23 2C 94 02 03 24 81 00
83 24 41 00 13 05 00 00 13 01 01 01 67 80 00 00
03 25 C5 00 13 86 07 00 EF 10 80 34 03 27 04 04
83 27 C4 00 83 26 04 00 33 06 E0 40 B3 87 E7 40
23 26 F4 00 63 F8 D7 00 83 27 84 00 B3 87 C7 00
23 26 F4 00 93 07 20 00 63 0C F9 02 93 84 14 00
03 29 01 00 83 20 C1 00 23 2C 94 02 03 24 81 00
83 24 41 00 13 05 00 00 13 01 01 01 67 80 00 00
03 25 84 00 EF E0 0F C6 23 24 04 00 6F F0 1F F2
E3 98 04 F6 93 04 10 00 6F F0 9F F6 13 01 01 FE
23 2A 91 00 23 2E 11 00 23 2C 81 00 23 28 21 01
23 26 31 01 93 04 05 00 73 70 04 30 37 49 00 10
83 47 55 04 03 27 09 4C 13 94 87 01 93 07 17 00
13 54 84 41 23 20 F9 4C 63 5A 80 04 93 09 45 02
6F 00 80 01 93 07 F4 FF 13 94 87 01 13 F7 F7 0F
13 54 84 41 63 08 07 02 83 A7 44 02 13 85 09 00
63 82 07 02 EF D0 5F F3 E3 0E 05 FC EF E0 CF A5
93 07 F4 FF 13 94 87 01 13 F7 F7 0F 13 54 84 41
E3 1C 07 FC 03 27 09 4C 13 07 F7 FF 93 07 F0 FF
23 20 E9 4C A3 82 F4 04 63 14 07 00 73 60 04 30
73 70 04 30 83 C7 44 04 03 27 09 4C 13 94 87 01
93 07 17 00 13 54 84 41 23 20 F9 4C 63 5A 80 04
93 89 04 01 6F 00 80 01 93 07 F4 FF 13 94 87 01
13 F7 F7 0F 13 54 84 41 63 08 07 02 83 A7 04 01
13 85 09 00 63 82 07 02 EF D0 1F EB E3 0E 05 FC
EF E0 8F 9D 93 07 F4 FF 13 94 87 01 13 F7 F7 0F
13 54 84 41 E3 1C 07 FC 03 27 09 4C 13 07 F7 FF
93 07 F0 FF 23 20 E9 4C 23 82 F4 04 63 14 07 00
73 60 04 30 83 20 C1 01 03 24 81 01 83 24 41 01
03 29 01 01 83 29 C1 00 13 01 01 02 67 80 00 00
63 0A 05 12 13 01 01 FE 23 2C 81 00 13 04 05 00
03 25 C5 03 23 2E 11 00 23 2A 91 00 23 28 21 01
23 26 31 01 23 24 41 01 23 22 51 01 63 00 05 10
93 84 05 00 83 25 04 04 93 57 05 01 13 D7 05 01
63 90 07 0A 13 09 07 00 93 09 05 00 63 10 07 0A
73 70 04 30 37 4A 00 10 03 29 0A 4C 83 29 04 04
83 25 C4 03 83 2A 04 00 93 07 19 00 13 85 09 00
23 20 FA 4C EF 10 80 0F B3 07 35 41 23 2C 04 02
13 07 F0 FF B3 87 FA 00 33 85 AA 00 23 02 E4 04
23 22 54 01 23 26 F4 00 23 24 A4 00 A3 02 E4 04
63 9E 04 08 83 27 04 01 63 98 07 0A 23 20 2A 4D
63 14 09 00 73 60 04 30 83 20 C1 01 03 24 81 01
83 24 41 01 03 29 01 01 83 29 C1 00 03 2A 81 00
83 2A 41 00 13 05 10 00 13 01 01 02 67 80 00 00
63 16 07 04 13 89 07 00 93 89 05 00 93 95 05 01
13 15 05 01 93 D5 05 01 13 55 05 01 EF 10 00 07
93 07 05 00 93 15 09 01 13 95 09 01 13 89 07 00
93 D5 05 01 13 55 05 01 EF 10 40 05 13 59 09 01
B3 07 25 01 93 D7 07 01 E3 84 07 F2 73 70 04 30
6F 00 00 00 73 70 04 30 6F 00 00 00 13 05 04 01
EF F0 1F B7 13 05 44 02 EF F0 9F B6 03 29 0A 4C
13 09 F9 FF 6F F0 9F F5 13 05 04 01 EF D0 DF CF
E3 06 05 FE 73 00 00 00 03 29 0A 4C 13 09 F9 FF
6F F0 DF F3 63 80 06 04 63 06 05 02 13 01 01 FD
23 26 11 02 63 0C 06 02 63 82 05 02 93 07 80 04
23 2E F1 00 03 27 C1 01 63 02 F7 04 73 70 04 30
6F 00 00 00 73 70 04 30 6F 00 00 00 73 70 04 30
6F 00 00 00 73 70 04 30 6F 00 00 00 E3 98 05 FE
93 07 80 04 23 2E F1 00 03 27 C1 01 E3 18 F7 FC
83 27 C1 01 13 86 06 00 6F 00 80 00 83 27 C1 01
23 AE A6 02 23 A0 B6 04 23 A0 C6 00 13 85 06 00
93 05 10 00 23 26 D1 00 EF F0 9F E0 83 26 C1 00
83 20 C1 02 13 85 06 00 13 01 01 03 67 80 00 00
63 04 05 02 63 0E 06 00 63 86 05 00 83 27 05 00
23 A0 F5 00 23 20 A6 00 13 05 10 00 67 80 00 00
73 70 04 30 6F 00 00 00 73 70 04 30 6F 00 00 00
13 01 01 FC 23 2E 11 02 23 26 C1 00 63 06 05 1A
23 2C 81 02 23 26 31 03 23 24 41 03 13 04 05 00
13 8A 05 00 93 89 06 00 63 86 05 14 93 07 20 00
63 9C F9 00 03 27 C4 03 93 07 10 00 63 06 F7 00
73 70 04 30 6F 00 00 00 EF D0 5F F3 63 0A 05 16
23 2A 91 02 73 70 04 30 B7 44 00 10 83 A7 04 4C
03 27 84 03 83 26 C4 03 13 86 17 00 23 A0 C4 4C
63 64 D7 16 13 07 20 00 63 80 E9 16 03 27 C1 00
23 28 21 03 23 22 51 03 63 0E 07 0A 13 05 81 01
EF D0 9F E0 93 0A 04 01 13 09 F0 FF 83 A7 04 4C
93 87 F7 FF 23 A0 F4 4C 63 94 07 00 73 60 04 30
EF D0 9F 82 73 70 04 30 83 47 44 04 03 A7 04 4C
93 97 87 01 93 D7 87 41 63 94 27 01 23 02 04 04
83 47 54 04 93 97 87 01 93 D7 87 41 63 84 27 0B
63 14 07 00 73 60 04 30 93 05 C1 00 13 05 81 01
EF D0 5F DC 63 18 05 12 73 70 04 30 83 26 84 03
03 27 C4 03 83 A7 04 4C 63 82 E6 08 63 94 07 00
73 60 04 30 13 05 04 00 EF F0 5F B6 EF D0 0F FD
73 70 04 30 83 A7 04 4C 83 26 84 03 03 27 C4 03
13 86 17 00 23 A0 C4 4C 63 EC E6 08 03 27 C1 00
E3 1E 07 F4 23 A0 F4 4C 63 86 07 0E 03 29 01 03
83 2A 41 02 13 05 00 00 03 24 81 03 83 20 C1 03
83 24 41 03 83 29 C1 02 03 2A 81 02 13 01 01 04
67 80 00 00 83 27 05 04 E3 8A 07 EA 73 70 04 30
6F 00 00 00 A3 02 04 04 6F F0 9F F5 63 94 07 00
73 60 04 30 83 25 C1 00 13 85 0A 00 EF D0 9F 95
13 05 04 00 EF F0 9F AD EF D0 4F F4 E3 1A 05 F6
73 00 00 00 6F F0 DF F6 73 70 04 30 6F 00 00 00
83 27 C1 00 E3 86 07 E8 73 70 04 30 6F 00 00 00
03 29 01 03 83 2A 41 02 13 86 09 00 93 05 0A 00
13 05 04 00 EF F0 9F 97 83 27 44 02 63 92 07 02
63 16 05 02 83 A7 04 4C 93 87 F7 FF 23 A0 F4 4C
63 94 07 00 73 60 04 30 13 05 10 00 6F F0 DF F4
13 05 44 02 EF D0 5F A0 E3 0E 05 FC 73 00 00 00
6F F0 5F FD 13 05 04 00 EF F0 5F A5 EF D0 0F EC
6F F0 DF F1 73 60 04 30 6F F0 5F F1 63 8E 05 06
13 01 01 FE 93 07 80 04 23 26 F1 00 03 27 C1 00
23 2E 11 00 23 2C 81 00 63 06 F7 00 73 70 04 30
6F 00 00 00 13 84 05 00 83 27 C1 00 93 05 10 00
23 2E B4 02 23 20 84 00 23 20 04 04 13 05 04 00
EF F0 1F B4 13 05 04 00 23 24 04 00 23 20 04 00
23 26 04 00 93 06 00 00 13 06 00 00 93 05 00 00
EF F0 1F D6 83 20 C1 01 13 05 04 00 03 24 81 01
13 01 01 02 67 80 00 00 73 70 04 30 6F 00 00 00
63 08 05 06 13 01 01 FF 23 24 81 00 23 22 91 00
23 26 11 00 13 04 05 00 93 04 06 00 63 88 05 02
13 07 20 00 83 27 C4 03 63 8A E6 02 03 27 84 03
13 05 00 00 63 68 F7 08 83 20 C1 00 03 24 81 00
83 24 41 00 13 01 01 01 67 80 00 00 83 27 05 04
E3 88 07 FC 73 70 04 30 6F 00 00 00 23 20 21 01
13 07 10 00 63 8A E7 00 73 70 04 30 6F 00 00 00
73 70 04 30 6F 00 00 00 83 27 84 03 03 49 54 04
83 27 84 03 13 86 06 00 13 05 04 00 13 19 89 01
EF F0 DF 80 13 59 89 41 93 07 F0 FF 63 18 F9 02
83 27 44 02 63 9A 07 04 83 20 C1 00 03 24 81 00
03 29 01 00 83 24 41 00 13 05 10 00 13 01 01 01
67 80 00 00 23 20 21 01 6F F0 5F FB EF D0 4F DA
E3 7C A9 FC 93 07 F0 07 63 0C F9 00 93 07 19 00
93 97 87 01 93 D7 87 41 A3 02 F4 04 6F F0 DF FB
73 70 04 30 6F 00 00 00 13 05 44 02 EF D0 DF 85
E3 04 05 FA E3 82 04 FA 93 07 10 00 23 A0 F4 00
6F F0 9F F9 63 0C 05 06 83 27 05 04 13 01 01 FE
23 2C 81 00 23 2E 11 00 13 04 05 00 63 9C 07 04
83 27 05 00 63 8A 07 06 83 27 84 03 03 27 C4 03
63 FA E7 04 23 2A 91 00 83 44 54 04 93 87 17 00
23 2C F4 02 93 94 84 01 93 D4 84 41 93 07 F0 FF
63 9C F4 04 83 27 44 02 63 9A 07 06 83 20 C1 01
03 24 81 01 83 24 41 01 13 05 10 00 13 01 01 02
67 80 00 00 73 70 04 30 6F 00 00 00 73 70 04 30
6F 00 00 00 83 20 C1 01 03 24 81 01 13 05 00 00
13 01 01 02 67 80 00 00 83 27 85 00 E3 86 07 F8
73 70 04 30 6F 00 00 00 EF D0 8F CB E3 F8 A4 FA
93 07 F0 07 63 8E F4 02 93 87 14 00 93 97 87 01
93 D7 87 41 A3 02 F4 04 6F F0 5F F9 13 05 44 02
23 26 B1 00 EF D0 4F F7 E3 02 05 F8 83 25 C1 00
E3 8E 05 F6 93 07 10 00 23 A0 F5 00 6F F0 1F F7
73 70 04 30 6F 00 00 00 13 01 01 FC 23 2E 11 02
23 26 C1 00 63 0C 05 20 23 2C 81 02 23 24 41 03
13 04 05 00 13 8A 05 00 63 84 05 12 EF D0 1F A9
63 0C 05 12 23 2A 91 02 23 26 31 03 73 70 04 30
B7 44 00 10 83 A7 04 4C 83 29 84 03 13 87 17 00
23 A0 E4 4C 63 9A 09 14 03 27 C1 00 23 28 21 03
63 02 07 0C 13 05 81 01 EF D0 1F 97 13 09 F0 FF
83 A7 04 4C 93 87 F7 FF 23 A0 F4 4C 63 94 07 00
73 60 04 30 EF D0 4F B9 73 70 04 30 83 47 44 04
03 A7 04 4C 93 97 87 01 93 D7 87 41 63 94 27 01
23 02 04 04 83 47 54 04 93 97 87 01 93 D7 87 41
63 88 27 0B 63 14 07 00 73 60 04 30 93 05 C1 00
13 05 81 01 EF D0 1F 93 63 18 05 12 73 70 04 30
83 27 84 03 03 A7 04 4C 63 90 07 0A 63 14 07 00
73 60 04 30 83 25 C1 00 13 05 44 02 EF D0 8F D4
13 05 04 00 EF F0 8F EC EF D0 4F B3 63 14 05 00
73 00 00 00 73 70 04 30 83 A7 04 4C 83 29 84 03
13 87 17 00 23 A0 E4 4C 63 96 09 08 03 27 C1 00
E3 18 07 F4 23 A0 F4 4C 63 8E 07 0E 03 29 01 03
13 05 00 00 03 24 81 03 83 20 C1 03 83 24 41 03
83 29 C1 02 03 2A 81 02 13 01 01 04 67 80 00 00
83 27 05 04 E3 8C 07 EC 73 70 04 30 6F 00 00 00
A3 02 04 04 6F F0 1F F5 83 27 C1 00 E3 84 07 EC
73 70 04 30 6F 00 00 00 63 14 07 00 73 60 04 30
13 05 04 00 EF F0 8F E3 EF D0 4F AA 73 70 04 30
83 A7 04 4C 83 29 84 03 13 87 17 00 23 A0 E4 4C
E3 8E 09 F6 03 29 01 03 03 26 04 04 63 00 06 02
83 25 C4 00 83 27 84 00 B3 85 C5 00 23 26 B4 00
63 F4 F5 08 13 05 0A 00 EF 00 90 0C 83 27 04 01
93 89 F9 FF 23 2C 34 03 63 9E 07 04 83 A7 04 4C
93 87 F7 FF 23 A0 F4 4C 63 94 07 00 73 60 04 30
13 05 10 00 6F F0 1F F4 13 05 04 00 EF F0 0F DC
EF D0 CF A2 73 70 04 30 83 27 84 03 03 A7 04 4C
63 88 07 00 E3 18 07 EE 73 60 04 30 6F F0 9F EE
E3 16 07 F0 73 60 04 30 6F F0 5F F0 73 70 04 30
6F 00 00 00 13 05 04 01 EF D0 0F D2 E3 00 05 FA
73 00 00 00 6F F0 9F F9 83 25 04 00 23 26 B4 00
6F F0 5F F7 13 01 01 FC 23 2E 11 02 23 26 B1 00
63 0A 05 14 83 27 05 04 23 2C 81 02 13 04 05 00
63 86 07 00 73 70 04 30 6F 00 00 00 EF D0 1F 84
63 02 05 14 23 2A 91 02 73 70 04 30 B7 44 00 10
03 A7 04 4C 83 27 84 03 93 06 17 00 23 A0 D4 4C
63 96 07 20 83 27 C1 00 23 28 21 03 23 26 31 03
23 24 41 03 63 8A 07 0C 13 05 81 01 EF D0 CF F1
93 09 44 02 13 0A 00 00 13 09 F0 FF 83 A7 04 4C
93 87 F7 FF 23 A0 F4 4C 63 94 07 00 73 60 04 30
EF D0 8F 93 73 70 04 30 83 47 44 04 03 A7 04 4C
93 97 87 01 93 D7 87 41 63 94 27 01 23 02 04 04
83 47 54 04 93 97 87 01 93 D7 87 41 63 88 27 0B
63 14 07 00 73 60 04 30 93 05 C1 00 13 05 81 01
EF D0 4F ED 63 14 05 0C 73 70 04 30 83 27 84 03
03 A7 04 4C 63 90 07 0A 63 14 07 00 73 60 04 30
83 27 04 00 63 84 07 12 83 25 C1 00 13 85 09 00
EF D0 4F AE 13 05 04 00 EF F0 4F C6 EF D0 0F 8D
63 14 05 00 73 00 00 00 73 70 04 30 03 A7 04 4C
83 27 84 03 93 06 17 00 23 A0 D4 4C 63 92 07 12
83 27 C1 00 E3 94 07 F4 23 A0 E4 4C 63 08 07 0C
03 29 01 03 83 29 C1 02 03 2A 81 02 13 05 00 00
03 24 81 03 83 20 C1 03 83 24 41 03 13 01 01 04
67 80 00 00 73 70 04 30 6F 00 00 00 A3 02 04 04
6F F0 1F F5 83 27 C1 00 E3 8E 07 EA 73 70 04 30
6F 00 00 00 63 14 07 00 73 60 04 30 13 05 04 00
EF F0 CF BD EF D0 8F 84 6F F0 1F F8 13 05 04 00
EF F0 CF BC EF D0 8F 83 73 70 04 30 83 27 84 03
03 A7 04 4C 63 88 07 00 E3 10 07 F6 73 60 04 30
6F F0 9F F5 63 08 07 04 E3 0C 0A F6 73 70 04 30
83 A7 04 4C 83 25 44 02 93 87 17 00 23 A0 F4 4C
63 8A 05 00 83 27 04 03 93 05 50 00 83 A7 07 00
B3 85 F5 40 03 25 84 00 EF D0 9F 8A 83 A7 04 4C
93 87 F7 FF 23 A0 F4 4C E3 9C 07 F2 73 60 04 30
6F F0 1F F3 73 60 04 30 6F F0 1F FB 73 70 04 30
83 A7 04 4C 03 25 84 00 93 87 17 00 23 A0 F4 4C
EF D0 0F E6 83 A7 04 4C 13 0A 05 00 93 87 F7 FF
23 A0 F4 4C E3 9A 07 EA 73 60 04 30 6F F0 DF EA
03 29 01 03 83 29 C1 02 03 2A 81 02 03 27 04 00
93 87 F7 FF 23 2C F4 02 63 0E 07 02 83 27 04 01
63 90 07 02 83 A7 04 4C 93 87 F7 FF 23 A0 F4 4C
63 94 07 00 73 60 04 30 13 05 10 00 6F F0 5F EC
13 05 04 01 EF D0 4F A7 E3 0E 05 FC 73 00 00 00
6F F0 5F FD EF D0 DF 92 23 24 A4 00 6F F0 1F FC
13 01 01 FC 23 2E 11 02 23 2C 81 02 23 2A 91 02
23 28 21 03 23 26 31 03 23 26 C1 00 63 0C 05 1E
13 04 05 00 93 89 05 00 63 8C 05 10 EF D0 0F D9
63 04 05 12 73 70 04 30 B7 44 00 10 83 A7 04 4C
03 27 84 03 93 86 17 00 23 A0 D4 4C 63 14 07 14
03 27 C1 00 63 02 07 0C 13 05 81 01 EF D0 CF C7
13 09 F0 FF 83 A7 04 4C 93 87 F7 FF 23 A0 F4 4C
63 94 07 00 73 60 04 30 EF C0 1F EA 73 70 04 30
83 47 44 04 03 A7 04 4C 93 97 87 01 93 D7 87 41
63 94 27 01 23 02 04 04 83 47 54 04 93 97 87 01
93 D7 87 41 63 86 27 0B 63 14 07 00 73 60 04 30
93 05 C1 00 13 05 81 01 EF D0 CF C3 63 12 05 12
73 70 04 30 83 27 84 03 03 A7 04 4C 63 9E 07 08
63 14 07 00 73 60 04 30 83 25 C1 00 13 05 44 02
EF D0 4F 85 13 05 04 00 EF F0 4F 9D EF C0 1F E4
63 14 05 00 73 00 00 00 73 70 04 30 83 A7 04 4C
03 27 84 03 93 86 17 00 23 A0 D4 4C 63 14 07 08
03 27 C1 00 E3 18 07 F4 23 A0 F4 4C 63 88 07 0E
13 05 00 00 83 20 C1 03 03 24 81 03 83 24 41 03
03 29 01 03 83 29 C1 02 13 01 01 04 67 80 00 00
83 27 05 04 E3 84 07 EE 73 70 04 30 6F 00 00 00
A3 02 04 04 6F F0 5F F5 83 27 C1 00 E3 8C 07 EC
73 70 04 30 6F 00 00 00 63 14 07 00 73 60 04 30
13 05 04 00 EF F0 8F 94 EF C0 5F DB 73 70 04 30
83 A7 04 4C 03 27 84 03 93 86 17 00 23 A0 D4 4C
E3 00 07 F8 03 26 04 04 03 29 C4 00 63 0E 06 00
83 27 84 00 B3 05 C9 00 23 26 B4 00 63 F2 F5 08
13 85 09 00 EF 00 C0 3D 83 27 44 02 23 26 24 01
63 9E 07 04 83 A7 04 4C 93 87 F7 FF 23 A0 F4 4C
63 94 07 00 73 60 04 30 13 05 10 00 6F F0 9F F4
13 05 04 00 EF F0 8F 8D EF C0 5F D4 73 70 04 30
83 27 84 03 03 A7 04 4C 63 88 07 00 E3 1E 07 EE
73 60 04 30 6F F0 5F EF E3 1C 07 F0 73 60 04 30
6F F0 1F F1 73 70 04 30 6F 00 00 00 13 05 44 02
EF D0 8F 83 E3 00 05 FA 73 00 00 00 6F F0 9F F9
83 25 04 00 23 26 B4 00 6F F0 9F F7 63 02 05 06
13 01 01 FE 23 2C 81 00 23 2A 91 00 23 2E 11 00
23 28 21 01 13 04 05 00 93 87 05 00 93 04 06 00
63 84 05 02 03 29 85 03 13 05 00 00 63 12 09 04
83 20 C1 01 03 24 81 01 83 24 41 01 03 29 01 01
13 01 01 02 67 80 00 00 83 27 05 04 63 9E 07 00
03 29 85 03 63 1A 09 0C 13 05 00 00 6F F0 5F FD
73 70 04 30 6F 00 00 00 73 70 04 30 6F 00 00 00
23 26 31 01 83 49 44 04 03 26 04 04 93 99 89 01
93 D9 89 41 63 00 06 02 83 25 C4 00 03 27 84 00
B3 85 C5 00 23 26 B4 00 63 F4 E5 06 13 85 07 00
EF 00 00 2B 13 09 F9 FF 23 2C 24 03 93 07 F0 FF
63 96 F9 02 83 27 04 01 63 9A 07 04 83 20 C1 01
03 24 81 01 83 29 C1 00 83 24 41 01 03 29 01 01
13 05 10 00 13 01 01 02 67 80 00 00 EF C0 5F C5
E3 FE A9 FC 93 07 F0 07 63 8A F9 04 93 87 19 00
93 97 87 01 93 D7 87 41 23 02 F4 04 6F F0 1F FC
83 25 04 00 23 26 B4 00 6F F0 5F F9 13 05 04 01
EF C0 9F F0 E3 04 05 FA E3 82 04 FA 93 07 10 00
23 A0 F4 00 6F F0 9F F9 23 26 31 01 83 49 44 04
93 99 89 01 93 D9 89 41 6F F0 DF F6 73 70 04 30
6F 00 00 00 63 06 05 04 13 01 01 FF 23 24 81 00
23 26 11 00 03 26 05 04 13 04 05 00 93 87 05 00
63 82 05 02 63 02 06 02 03 27 85 03 13 05 00 00
63 18 07 02 83 20 C1 00 03 24 81 00 13 01 01 01
67 80 00 00 63 1A 06 00 73 70 04 30 6F 00 00 00
73 70 04 30 6F 00 00 00 73 70 04 30 6F 00 00 00
23 22 91 00 83 24 C4 00 03 27 84 00 B3 85 C4 00
23 26 B4 00 63 E6 E5 00 83 25 04 00 23 26 B4 00
13 85 07 00 EF 00 C0 18 13 05 10 00 23 26 94 00
83 24 41 00 6F F0 1F FA 63 00 05 02 73 70 04 30
B7 47 00 10 83 A7 07 4C 03 25 85 03 63 94 07 00
73 60 04 30 67 80 00 00 73 70 04 30 6F 00 00 00
63 04 05 02 73 70 04 30 B7 47 00 10 03 27 85 03
83 A7 07 4C 03 25 C5 03 33 05 E5 40 63 94 07 00
73 60 04 30 67 80 00 00 73 70 04 30 6F 00 00 00
63 06 05 00 03 25 85 03 67 80 00 00 73 70 04 30
6F 00 00 00 63 04 05 00 67 80 00 00 73 70 04 30
6F 00 00 00 03 25 05 04 67 80 00 00 03 25 C5 03
67 80 00 00 63 08 05 00 03 25 85 03 13 35 15 00
67 80 00 00 73 70 04 30 6F 00 00 00 63 0C 05 00
83 27 85 03 03 25 C5 03 33 05 F5 40 13 35 15 00
67 80 00 00 73 70 04 30 6F 00 00 00 13 01 01 FF
23 24 81 00 23 26 11 00 13 04 05 00 73 70 04 30
83 47 45 04 37 47 00 10 93 06 F0 FF 93 97 87 01
93 D7 87 41 03 27 07 4C 63 94 D7 00 23 02 05 04
83 47 54 04 93 06 F0 FF 93 97 87 01 93 D7 87 41
63 84 D7 02 63 14 07 00 73 60 04 30 83 27 84 03
63 80 07 02 13 05 04 00 03 24 81 00 83 20 C1 00
13 01 01 01 6F E0 9F D7 A3 02 04 04 6F F0 9F FD
13 05 44 02 EF C0 DF C9 13 05 04 00 03 24 81 00
83 20 C1 00 13 01 01 01 6F E0 5F D5 13 06 05 00
13 05 00 00 93 F6 15 00 63 84 06 00 33 05 C5 00
93 D5 15 00 13 16 16 00 E3 96 05 FE 67 80 00 00
63 00 06 02 33 86 C5 00 93 07 05 00 03 C7 05 00
93 85 15 00 93 87 17 00 A3 8F E7 FE E3 98 C5 FE
67 80 00 00 93 F5 F5 0F 93 07 05 00 33 07 A6 00
63 08 06 00 23 80 B7 00 93 87 17 00 E3 9C E7 FE
67 80 00 00 63 06 06 02 33 06 C5 00 6F 00 80 00
63 00 C5 02 83 47 05 00 03 C7 05 00 13 05 15 00
93 85 15 00 E3 86 E7 FE 33 85 E7 40 67 80 00 00
13 05 00 00 67 80 00 00 63 04 B5 00 63 14 06 00
67 80 00 00 63 72 B5 02 33 86 C5 00 93 07 05 00
03 C7 05 00 93 85 15 00 93 87 17 00 A3 8F E7 FE
E3 98 C5 FE 67 80 00 00 13 06 F6 FF B3 87 C5 00
03 C7 07 00 B3 07 C5 00 23 80 E7 00 E3 02 06 FC
13 06 F6 FF B3 87 C5 00 03 C7 07 00 B3 07 C5 00
23 80 E7 00 E3 1A 06 FC 67 80 00 00 65 78 61 6D
70 6C 65 00 54 6D 72 20 53 76 63 00 08 1A 00 10
CC 1A 00 10 BC 1A 00 10 04 1A 00 10 FC 19 00 10
7C 1B 00 10 B4 1B 00 10 A4 1B 00 10 78 1B 00 10
70 1B 00 10 04 00 00 00 C0 21 00 10 7C 22 00 10
7C 22 00 10 CC 22 00 10 24 23 00 10 CC 22 00 10
7C 22 00 10 7C 22 00 10 CC 22 00 10 24 23 00 10
08 00 00 30 C0 D4 01 00 B0 51 00 10
@000244BC
C0 44 00 10 AA AA AA AA A0 4D 00 10
